  44.272  44.972  51.916
  45.214  46.137  51.729
  44.808  47.504  52.296
  45.620  48.223  52.904
  45.599  46.447  50.221
  45.972  45.203  49.552
  44.448  44.595  52.836
  43.784  47.853  52.163
  44.306  44.197  51.269
  46.139  45.811  52.206
  44.803  46.822  49.579
  46.358  47.229  50.220
  46.047  45.465  48.632
  56.675  44.929  50.024
  56.145  46.202  50.636
  57.206  46.651  51.665
  57.539  47.839  51.763
  54.783  45.822  51.220
  54.120  47.055  51.777
  52.563  46.838  51.842
  51.734  47.959  51.549
  51.647  48.925  52.366
  52.087  48.951  53.588
  51.092  49.943  51.980
  57.669  45.909  52.316
  56.750  45.083  49.029
  56.146  44.079  50.157
  56.080  46.990  49.885
  54.138  45.354  50.476
  54.838  45.089  52.025
  54.407  47.342  52.789
  54.279  47.877  51.079
  52.221  46.088  51.128
  52.286  46.334  52.768
  51.378  47.991  50.604
  51.772  49.701  54.187
  52.928  48.466  53.868
  51.019  50.738  52.599
  50.745  49.857  51.035
  58.959  50.468  51.807
  58.884  51.101  53.064
  60.252  51.311  53.739
  60.530  52.436  54.106
  58.077  50.183  53.986
  58.226  50.703  55.475
  59.245  50.193  56.294
  57.367  51.663  55.949
  59.284  50.507  57.666
  57.467  52.111  57.319
  58.461  51.539  58.186
  58.505  51.839  59.493
  60.945  50.482  53.882
  58.537  51.081  51.124
  58.503  49.569  51.741
  58.460  52.105  53.043
  57.046  50.334  53.664
  58.465  49.166  53.926
  59.963  49.524  55.843
  56.626  51.997  55.238
  60.050  50.043  58.270
  56.848  52.909  57.702
  57.613  52.054  59.776
  45.458  44.713  40.898
  46.860  45.140  40.589
  47.273  45.218  39.115
  47.773  46.222  38.694
  47.899  44.266  41.321
  49.353  44.631  41.035
  50.131  43.950  40.189
  50.080  45.600  41.681
  51.329  45.488  41.282
  51.403  44.500  40.323
  47.113  44.366  38.454
  44.942  45.541  41.160
  45.322  44.029  41.629
  46.975  46.186  40.874
  47.757  44.234  42.402
  47.877  43.233  40.974
  49.790  43.047  39.705
  52.113  46.051  41.768
  52.262  44.065  40.019
  45.564  48.504  37.886
  46.481  49.674  38.173
  47.520  49.704  37.086
  47.753  50.725  36.460
  47.030  49.625  39.609
  45.934  49.702  40.674
  46.468  49.532  42.089
  45.563  48.855  42.992
  45.413  49.092  44.226
  45.965  50.051  44.898
  44.501  48.509  44.896
  48.076  48.796  36.853
  44.618  48.858  37.904
  45.590  47.698  38.494
  46.017  50.625  37.913
  47.518  48.653  39.690
  47.701  50.472  39.750
  45.391  50.647  40.670
  45.252  48.857  40.572
  47.395  48.960  42.068
  46.731  50.509  42.494
  44.941  48.149  42.626
  46.730  50.633  44.590
  45.526  50.379  45.746
  44.584  48.551  45.902
  43.831  47.871  44.492
  45.728  58.623  42.173
  45.761  57.385  42.962
  45.964  57.708  44.471
  45.371  57.041  45.270
  46.919  56.497  42.426
  46.721  55.523  41.193
  45.770  55.853  40.180
  47.500  54.312  41.074
  45.522  54.989  39.105
  47.338  53.468  39.951
  46.349  53.791  38.974
  46.624  58.515  44.790
  44.865  58.634  41.649
  46.489  58.750  41.521
  44.833  56.813  42.964
  47.768  57.130  42.168
  47.219  55.793  43.203
  45.166  56.736  40.324
  48.223  54.112  41.852
  44.793  55.197  38.336
  47.969  52.606  39.792
  46.209  53.220  38.068
  43.847  51.918  49.737
  45.151  51.356  50.194
  46.277  52.361  49.741
  47.465  51.964  49.759
  45.267  49.904  49.644
  45.196  49.734  48.144
  44.614  50.598  47.420
  45.613  48.614  47.692
  46.029  53.373  49.421
  43.108  51.287  50.013
  43.807  52.045  48.735
  45.101  51.200  51.272
  46.142  49.417  50.074
  44.494  49.262  50.065
  49.057  54.945  50.294
  50.023  55.058  51.396
  51.317  55.616  50.853
  51.926  55.093  49.976
  50.250  53.679  51.974
  51.160  53.548  53.177
  51.503  54.541  53.869
  51.612  52.426  53.479
  51.709  56.537  51.283
  48.481  54.143  50.506
  49.342  54.839  49.331
  49.704  55.755  52.170
  49.304  53.333  52.391
  50.537  52.933  51.233
  54.658  53.795  49.526
  54.352  52.557  48.787
  53.718  52.750  47.417
  54.053  51.984  46.565
  53.540  51.482  49.593
  54.047  51.685  51.038
  53.649  50.088  49.028
  55.534  51.166  51.237
  55.624  53.701  49.807
  54.178  54.141  50.345
  55.349  52.137  48.654
  52.473  51.699  49.539
  54.026  52.700  51.436
  53.405  50.985  51.573
  53.392  50.071  47.969
  54.680  49.738  48.979
  53.050  49.342  49.550
  56.130  51.689  50.489
  55.969  51.274  52.231
  55.695  50.101  51.068
  52.943  53.755  47.270
  52.374  54.233  45.976
  53.534  54.721  45.090
  53.584  54.415  43.926
  51.454  55.401  46.339
  50.307  55.684  45.418
  49.829  56.855  45.564
  50.042  54.980  44.403
  54.316  55.348  45.519
  52.669  54.226  48.121
  51.795  53.443  45.497
  50.895  55.275  47.266
  52.112  56.267  46.410
  49.259  57.207  44.809
  50.209  57.485  46.256
  55.743  51.823  43.745
  54.991  51.103  42.697
  54.782  51.995  41.387
  54.726  51.405  40.303
  53.580  50.811  43.246
  53.755  49.434  43.952
  53.934  49.506  45.269
  53.736  48.442  43.232
  56.559  51.268  43.960
  55.284  52.028  44.621
  55.474  50.180  42.375
  53.309  51.631  43.912
  52.915  50.795  42.383
  53.991  48.627  45.763
  53.771  50.399  45.711
  54.633  53.375  41.464
  54.586  54.194  40.287
  55.990  54.320  39.635
  56.041  54.572  38.470
  53.912  55.516  40.648
  52.454  55.529  40.547
  51.578  55.594  41.595
  51.658  55.826  39.363
  50.306  56.072  39.743
  51.976  55.961  38.003
  50.321  55.874  41.104
  49.300  56.428  38.806
  50.979  56.313  37.039
  49.658  56.578  37.488
  56.898  54.183  40.222
  54.437  53.853  42.332
  53.920  53.732  39.558
  54.272  55.914  41.597
  54.314  56.293  39.998
  51.828  55.570  42.645
  49.533  55.927  41.733
  52.969  55.633  37.734
  48.272  56.507  39.127
  51.414  56.320  36.050
  48.948  56.827  36.713
  48.264  46.977  45.950
  49.063  46.854  47.174
  49.184  46.858  44.779
  48.487  46.984  43.583
  50.338  47.862  44.741
  49.978  49.523  47.048
  49.862  50.178  48.233
  50.016  49.614  49.313
  49.639  51.543  48.154
  49.535  52.318  47.060
  49.687  51.566  45.820
  49.373  53.539  47.167
  49.839  51.440  43.404
  49.608  52.226  44.529
  50.071  52.126  42.204
  50.399  51.373  40.997
  50.599  52.062  39.670
  50.449  49.981  41.045
  50.636  49.033  39.835
  50.211  49.300  42.237
  49.985  50.019  43.465
  49.873  50.128  45.834
  49.965  49.288  44.707
  47.482  46.218  45.917
  48.933  46.386  42.958
  49.251  47.774  47.430
  49.460  52.056  49.009
  50.082  53.212  42.192
  50.312  48.219  42.228
  51.010  47.603  43.914
  49.685  45.884  44.712
  47.854  47.994  45.931
  49.982  51.651  38.861
  51.631  51.907  39.333
  50.420  53.144  39.715
  50.563  49.621  38.912
  49.983  48.154  39.774
  51.666  48.665  39.753
  49.532  53.235  44.492
  50.915  47.660  45.652
